58.4700 9.2800 67.8280 15.8100 1.8496 0.1000
50.9600 6.9800 56.6220 9.3260 1.5694 0.1000
49.2000 6.6500 52.3900 7.6040 1.4561 0.1000
47.1200 6.0200 49.6400 6.7940 1.3881 0.1000
49.5400 6.1000 48.1740 6.5220 1.3579 0.1000
45.4300 5.5800 46.8120 6.0040 1.3168 0.0999
44.4300 5.4000 45.4620 5.7580 1.2875 0.0999
43.4200 4.9600 44.2240 5.3520 1.2593 0.0999
41.8600 4.5100 43.8640 5.1240 1.2408 0.0998
43.7900 5.1300 42.8720 4.8620 1.2188 0.0998
42.0000 4.5200 42.0380 4.8700 1.2028 0.0997
41.3700 4.8200 41.5900 4.5840 1.1853 0.0997
40.6800 4.1900 41.1420 4.5560 1.1758 0.0996
43.0000 4.6600 40.9440 4.5120 1.1668 0.0995
39.6000 3.9000 40.3400 4.2880 1.1531 0.0995
38.1300 3.6000 40.1700 4.0780 1.1428 0.0994
38.6500 3.9700 39.5400 4.0580 1.1331 0.0993
39.4500 4.0300 39.1380 4.0480 1.1230 0.0992
38.9100 3.7100 39.0240 3.8900 1.1162 0.0991
39.0900 3.9900 38.6880 3.9240 1.1084 0.0990
37.4500 3.7000 38.3480 3.8820 1.1018 0.0989
38.6400 3.9000 38.1440 3.8940 1.0956 0.0988
38.5800 3.6300 37.8740 3.7740 1.0877 0.0987
36.6600 3.5200 37.6260 3.7500 1.0797 0.0986
36.9300 3.1800 37.3840 3.7860 1.0781 0.0984
38.0400 3.4900 37.2500 3.6120 1.0724 0.0983
37.4800 4.1500 37.4200 3.7000 1.0687 0.0982
36.6900 3.1900 36.9000 3.5220 1.0596 0.0980
37.4700 3.7000 36.7580 3.6560 1.0602 0.0979
36.9500 3.3700 36.3360 3.5160 1.0492 0.0977
35.7500 3.4200 36.6200 3.5200 1.0481 0.0976
36.0700 3.4000 36.4640 3.3020 1.0437 0.0974
35.2400 3.1400 36.1600 3.3760 1.0380 0.0972
36.4400 3.2400 36.2280 3.3480 1.0380 0.0970
35.6400 3.4200 35.7080 3.2400 1.0279 0.0969
37.8800 3.7200 35.8760 3.2620 1.0297 0.0967
35.9200 3.2300 36.0000 3.4460 1.0292 0.0965
36.2100 3.4700 35.3360 3.2980 1.0202 0.0963
36.0200 3.5400 35.3580 3.2300 1.0165 0.0961
35.7400 3.0700 35.4240 3.1980 1.0167 0.0959
34.6500 3.0600 35.1500 3.1620 1.0132 0.0957
35.2800 3.1600 35.1300 3.2200 1.0113 0.0955
37.2500 3.0500 34.8280 3.2200 1.0074 0.0952
33.9500 2.8800 34.8920 3.2240 1.0076 0.0950
34.7200 3.0700 34.6400 3.1820 1.0020 0.0948
36.4800 3.3600 34.7320 3.0840 0.9991 0.0946
34.4300 3.1900 34.0280 3.2120 0.9953 0.0943
35.2800 2.8500 34.5380 3.1600 0.9960 0.0941
34.2900 2.9000 34.4440 3.1620 0.9968 0.0938
34.0300 2.9900 34.3400 3.0780 0.9951 0.0936
33.8600 2.6300 34.2380 2.9760 0.9892 0.0933
34.1700 2.8200 34.0980 3.0160 0.9871 0.0930
36.9400 3.1500 34.1260 2.9840 0.9854 0.0928
34.1900 3.0600 33.9240 3.0120 0.9837 0.0925
34.7100 3.0400 33.7660 2.9420 0.9790 0.0922
33.0700 2.8500 33.8580 3.0060 0.9823 0.0919
33.3600 2.7000 33.4320 3.0380 0.9709 0.0916
34.1600 2.7600 33.7200 2.9820 0.9732 0.0914
33.9400 2.8300 33.6640 3.0420 0.9721 0.0911
32.9900 2.7700 33.5280 2.9600 0.9700 0.0908
35.8800 3.1100 33.7520 2.9840 0.9761 0.0905
34.7600 3.2700 33.4340 2.8640 0.9680 0.0901
33.1200 2.8000 33.4600 2.8040 0.9670 0.0898
33.3200 2.7900 33.4560 2.9200 0.9662 0.0895
33.7800 2.9500 33.4600 2.7400 0.9638 0.0892
33.4800 2.8000 33.0420 2.9040 0.9616 0.0889
32.9000 2.7100 33.2300 2.8180 0.9617 0.0885
33.0200 2.6800 33.0200 2.7680 0.9597 0.0882
34.1500 3.0400 32.8600 2.8360 0.9567 0.0878
33.9800 2.8100 32.8840 2.8000 0.9533 0.0875
33.7900 3.0400 32.7580 2.8160 0.9564 0.0872
33.8200 2.9000 33.0240 2.8300 0.9527 0.0868
35.8300 3.1000 33.0300 2.8280 0.9533 0.0864
33.1000 2.9500 32.7140 2.7840 0.9474 0.0861
32.0800 2.5300 32.8040 2.6620 0.9454 0.0857
34.0700 2.9200 32.5980 2.7680 0.9487 0.0854
32.9400 2.8100 32.6180 2.7920 0.9445 0.0850
32.2600 2.6100 32.5020 2.7360 0.9450 0.0846
32.3400 2.6700 32.4620 2.7880 0.9445 0.0842
31.9000 2.6300 32.6260 2.6600 0.9439 0.0838
31.6500 3.0200 32.2920 2.7300 0.9389 0.0835
32.3200 2.6900 32.2600 2.6900 0.9356 0.0831
32.9300 2.8400 32.2940 2.6880 0.9375 0.0827
33.3400 3.0000 32.4340 2.6940 0.9354 0.0823
33.1500 2.5900 32.2820 2.6400 0.9362 0.0819
33.0900 2.7100 32.3140 2.7100 0.9371 0.0815
33.5600 2.7200 32.2000 2.7120 0.9305 0.0811
32.7300 2.7500 32.1980 2.6460 0.9314 0.0806
31.9600 2.6600 32.0620 2.6520 0.9296 0.0802
31.7200 2.5600 31.8840 2.7040 0.9272 0.0798
31.7000 2.6500 31.9300 2.6080 0.9261 0.0794
31.3200 2.7700 31.9800 2.5900 0.9274 0.0790
31.4700 2.6100 31.8820 2.5860 0.9231 0.0785
31.7700 2.6500 31.8780 2.6520 0.9234 0.0781
31.7700 2.4400 31.6760 2.5580 0.9198 0.0777
32.1800 2.8500 31.8700 2.6040 0.9200 0.0772
33.4300 2.6500 31.4660 2.6280 0.9186 0.0768
32.7200 2.9400 31.9160 2.6080 0.9203 0.0763
32.8400 2.8200 31.5740 2.5340 0.9187 0.0759
31.4600 2.6700 31.7940 2.5480 0.9160 0.0755
32.1400 2.7000 31.4920 2.5940 0.9144 0.0750
32.3300 2.6500 31.4200 2.4520 0.9101 0.0745
32.2600 2.6300 31.3300 2.5480 0.9102 0.0741
32.3500 2.9600 31.4500 2.4960 0.9120 0.0736
32.0300 2.4800 31.0980 2.6080 0.9076 0.0732
32.3000 2.3300 31.1360 2.4880 0.9102 0.0727
31.3200 2.6400 31.2000 2.5020 0.9062 0.0722
31.8900 2.5800 31.0600 2.5820 0.9037 0.0718
32.9300 2.6600 31.1640 2.5820 0.9055 0.0713
31.5100 2.7100 31.2880 2.5100 0.9065 0.0708
31.4300 2.7400 30.9040 2.5500 0.9014 0.0703
31.0300 2.5700 30.9800 2.4580 0.9026 0.0699
31.9800 2.8300 30.5820 2.4320 0.8977 0.0694
30.8500 2.4400 30.8040 2.4460 0.8979 0.0689
30.7800 2.4200 30.9540 2.4420 0.8987 0.0684
31.5700 2.7000 30.8360 2.4840 0.8941 0.0679
31.2700 2.5000 30.6360 2.4940 0.8944 0.0674
30.4900 2.5400 30.7940 2.3640 0.8925 0.0669
34.1100 2.6200 30.8440 2.4340 0.8964 0.0664
30.7600 2.5300 30.6760 2.4360 0.8910 0.0659
32.2400 2.5300 30.6860 2.4240 0.8907 0.0655
30.7600 2.4300 30.2700 2.4180 0.8873 0.0650
31.0500 2.2300 30.6720 2.3380 0.8855 0.0645
30.4100 2.2700 30.4400 2.4080 0.8845 0.0639
32.3000 2.6400 30.3240 2.3560 0.8842 0.0634
30.3500 2.1800 30.5720 2.4400 0.8842 0.0629
31.0600 2.6000 30.4100 2.3920 0.8814 0.0624
32.5100 2.5100 30.1280 2.3700 0.8806 0.0619
30.5200 2.3800 30.4520 2.3220 0.8841 0.0614
30.7000 2.4600 30.0480 2.3980 0.8770 0.0609
31.2200 2.4100 30.0460 2.2640 0.8767 0.0604
31.1200 2.6600 30.1160 2.3360 0.8788 0.0599
31.0100 2.5000 30.1600 2.3100 0.8766 0.0594
31.3700 2.4300 30.1980 2.3620 0.8739 0.0589
30.7000 2.4000 30.1280 2.3460 0.8759 0.0583
30.5900 2.4600 29.8840 2.2400 0.8718 0.0578
32.6300 2.5000 29.8780 2.3080 0.8722 0.0573
30.0100 2.3000 29.8500 2.3160 0.8700 0.0568
30.1300 2.4200 29.7220 2.3280 0.8693 0.0563
30.9000 2.3700 29.8320 2.2900 0.8688 0.0557
29.2300 2.4200 29.7100 2.2700 0.8670 0.0552
30.1400 2.2100 29.5960 2.2220 0.8632 0.0547
30.5600 2.3200 29.7380 2.2420 0.8659 0.0542
29.3800 2.3100 29.6580 2.2680 0.8640 0.0537
30.4900 2.3600 29.4920 2.3080 0.8615 0.0531
30.3700 2.2000 29.5700 2.2800 0.8614 0.0526
30.0900 2.2400 29.0680 2.1960 0.8551 0.0521
29.7500 2.1400 29.3920 2.1500 0.8578 0.0516
29.4700 2.1900 29.3320 2.2320 0.8567 0.0510
29.6400 2.2800 28.9360 2.2020 0.8536 0.0505
30.0900 2.2300 29.1440 2.2420 0.8523 0.0500
29.7200 2.2000 29.2100 2.2240 0.8542 0.0495
29.9400 2.3800 29.2160 2.1480 0.8522 0.0490
29.5400 2.4900 29.0840 2.2180 0.8499 0.0484
29.7100 2.1300 29.0880 2.1660 0.8465 0.0479
29.1500 2.1800 29.0960 2.1560 0.8467 0.0474
29.1300 2.3000 29.0900 2.2640 0.8476 0.0469
30.3200 2.2100 29.0520 2.1640 0.8456 0.0463
29.7800 2.6700 28.7560 2.1040 0.8412 0.0458
29.8800 2.4200 28.7540 2.2240 0.8431 0.0453
29.8400 2.2000 28.9100 2.0920 0.8406 0.0448
30.6100 2.1800 28.7840 2.0580 0.8387 0.0443
31.3600 2.4700 28.7220 2.0320 0.8371 0.0437
30.1200 2.2800 28.6760 2.0540 0.8399 0.0432
29.8500 2.3100 28.5360 2.1420 0.8353 0.0427
29.9200 2.3500 28.4480 2.0180 0.8315 0.0422
29.8200 2.3100 28.5060 2.0540 0.8322 0.0417
29.9800 2.2100 28.3380 2.2420 0.8342 0.0411
30.4200 2.5700 28.4400 2.0500 0.8310 0.0406
29.0500 2.2900 28.4340 2.0220 0.8286 0.0401
30.2400 2.4300 28.3620 2.0980 0.8290 0.0396
28.7800 2.2100 28.0940 2.0260 0.8222 0.0391
28.3200 2.1400 28.2200 2.0080 0.8258 0.0386
29.6400 2.2900 28.3720 2.0020 0.8257 0.0381
28.7600 2.3600 28.0500 2.0420 0.8209 0.0376
29.6100 2.5400 27.7400 1.9840 0.8203 0.0371
29.4400 2.2000 28.0460 2.0060 0.8204 0.0366
28.8700 2.2300 27.9780 1.9940 0.8179 0.0361
29.2800 2.2300 28.0700 2.0060 0.8165 0.0355
28.4400 2.1400 27.9860 2.0620 0.8180 0.0350
29.2100 2.2200 28.0120 2.0120 0.8170 0.0345
29.9600 2.2600 27.5780 1.9620 0.8104 0.0341
29.4000 2.1400 27.9440 1.9980 0.8159 0.0336
28.9800 2.3300 27.6540 2.0360 0.8115 0.0331
29.8200 2.1900 27.7680 1.9580 0.8104 0.0326
28.7900 2.0700 27.5780 1.8920 0.8090 0.0321
28.5100 2.1500 27.4920 1.9320 0.8041 0.0316
27.9600 2.0600 27.9040 1.9620 0.8068 0.0311
29.1000 2.1700 27.6080 1.9460 0.8056 0.0306
28.5400 2.3200 27.4920 1.9040 0.8011 0.0301
28.8900 2.1200 27.2860 1.9000 0.8030 0.0297
28.3700 2.0900 27.4360 1.9360 0.8021 0.0292
28.6900 2.1400 27.3700 1.8720 0.7986 0.0287
28.9400 2.1400 27.1540 1.9300 0.7957 0.0282
28.7100 2.0800 27.0780 1.9040 0.7943 0.0278
28.5400 2.1100 27.2020 1.9040 0.7943 0.0273
28.4000 2.1300 26.9620 1.8960 0.7929 0.0268
29.0800 2.1100 26.7340 1.9420 0.7888 0.0264
28.7400 2.1500 26.6980 1.8580 0.7880 0.0259
28.5300 2.0600 26.6800 1.8280 0.7878 0.0255
28.1600 2.0300 26.8120 1.8580 0.7840 0.0250
28.6900 2.0400 26.6000 1.8760 0.7863 0.0245
27.9300 2.1200 26.6280 1.7480 0.7846 0.0241
27.9600 2.0900 26.6620 1.8060 0.7832 0.0237
27.7900 2.2000 26.5000 1.8220 0.7804 0.0232
27.6700 1.8600 26.1620 1.8260 0.7755 0.0228
28.8100 2.0600 26.4040 1.8500 0.7790 0.0223
27.5500 1.9500 26.4100 1.7780 0.7769 0.0219
27.9400 2.0100 26.3840 1.7740 0.7728 0.0215
27.9800 2.2000 26.4480 1.7460 0.7774 0.0210
27.3700 2.0000 26.0000 1.6640 0.7695 0.0206
27.5600 2.0300 26.2360 1.7000 0.7685 0.0202
27.7100 2.1000 26.2640 1.7860 0.7681 0.0198
27.5700 1.8700 25.9980 1.7360 0.7676 0.0194
27.9500 1.8800 26.1660 1.7940 0.7663 0.0189
28.8000 2.0000 25.9020 1.6900 0.7641 0.0185
27.4100 2.0300 25.7840 1.7060 0.7605 0.0181
27.2900 2.0400 25.7960 1.8180 0.7621 0.0177
27.2000 1.8600 25.7760 1.7040 0.7610 0.0173
28.0100 2.0800 25.6300 1.7520 0.7561 0.0169
27.5800 1.9400 25.5720 1.6360 0.7553 0.0165
27.5200 2.1000 25.7120 1.7080 0.7551 0.0162
27.4600 1.9300 25.4740 1.7000 0.7534 0.0158
27.3500 2.2500 25.3860 1.7460 0.7519 0.0154
27.4400 2.0100 25.3900 1.6960 0.7498 0.0150
27.1900 2.0600 25.2240 1.6560 0.7463 0.0146
27.1100 1.9200 25.1320 1.6500 0.7471 0.0143
27.4500 1.9500 25.2380 1.5800 0.7448 0.0139
27.6800 2.0100 25.3180 1.6300 0.7439 0.0136
26.9000 1.9500 25.3320 1.6380 0.7451 0.0132
27.6000 1.9500 25.0300 1.6400 0.7418 0.0128
27.1500 1.9900 24.9560 1.5980 0.7370 0.0125
27.2000 1.9400 25.0700 1.6040 0.7372 0.0122
27.4700 1.9200 25.0140 1.5860 0.7379 0.0118
26.7300 1.9400 24.8180 1.6060 0.7358 0.0115
26.7900 1.8500 24.7340 1.6120 0.7334 0.0111
27.0900 2.0000 24.7880 1.6000 0.7343 0.0108
26.7300 1.9300 24.6220 1.6480 0.7330 0.0105
27.1100 1.9900 24.8480 1.5280 0.7302 0.0102
26.5400 1.8500 24.4120 1.5880 0.7255 0.0099
26.6000 1.9300 24.7460 1.5560 0.7294 0.0095
26.3300 1.8800 24.6220 1.5580 0.7270 0.0092
26.9600 1.8800 24.3400 1.5060 0.7238 0.0089
26.9200 2.0600 24.3100 1.5920 0.7212 0.0086
26.2500 1.8600 24.2860 1.4940 0.7208 0.0084
26.4600 1.8800 24.2940 1.4840 0.7217 0.0081
25.9700 1.8000 24.3020 1.5140 0.7190 0.0078
26.6100 1.8200 24.1040 1.5000 0.7180 0.0075
26.2100 1.8500 23.9100 1.5340 0.7159 0.0072
26.6300 1.9100 23.8300 1.4920 0.7121 0.0070
26.0200 1.9200 23.8580 1.4240 0.7119 0.0067
26.1600 1.8900 23.8160 1.5040 0.7119 0.0064
26.3900 1.9700 23.9360 1.5280 0.7107 0.0062
26.1300 1.9800 23.8360 1.5080 0.7119 0.0059
26.3900 1.9700 23.7460 1.4700 0.7085 0.0057
26.6400 1.9100 23.6660 1.4780 0.7064 0.0054
26.2900 1.8500 23.6760 1.4460 0.7058 0.0052
26.3800 1.8200 23.5960 1.4460 0.7025 0.0050
26.4400 1.9300 23.3960 1.4500 0.7027 0.0048
26.1000 1.7200 23.7560 1.3640 0.7023 0.0045
26.1600 1.7600 23.3300 1.4120 0.7001 0.0043
25.8900 1.8400 23.4380 1.4400 0.7012 0.0041
26.0500 1.9100 23.2300 1.4260 0.6966 0.0039
25.8300 1.8000 23.3500 1.4060 0.6971 0.0037
26.2600 1.8200 23.2980 1.3540 0.6951 0.0035
26.2300 1.8500 23.3140 1.3400 0.6954 0.0033
26.1500 1.8400 22.9800 1.3500 0.6917 0.0031
25.7400 1.7700 22.9260 1.3740 0.6910 0.0030
26.1900 1.8000 23.2840 1.4240 0.6943 0.0028
25.9000 1.8900 22.9740 1.4200 0.6890 0.0026
25.8900 1.8700 22.8440 1.3560 0.6884 0.0024
25.6700 1.7300 23.1240 1.3620 0.6895 0.0023
25.5800 1.7800 22.8600 1.2960 0.6874 0.0021
25.6600 1.8100 22.5500 1.3640 0.6839 0.0020
25.6000 1.8000 22.5720 1.3880 0.6826 0.0018
25.8100 1.7800 22.7160 1.3280 0.6845 0.0017
25.5000 1.7800 22.9400 1.3320 0.6818 0.0016
25.8000 1.8100 22.7240 1.3220 0.6837 0.0014
25.5400 1.8400 22.7820 1.3280 0.6813 0.0013
25.8700 1.8200 22.8560 1.3280 0.6807 0.0012
25.7100 1.7600 22.4700 1.2760 0.6791 0.0011
25.7300 1.8900 22.6260 1.3880 0.6801 0.0010
25.8200 1.7800 22.6520 1.3480 0.6809 0.0009
25.5900 1.8300 22.7600 1.3140 0.6800 0.0008
25.6300 1.7800 22.7060 1.3380 0.6811 0.0007
25.6900 1.7700 22.2280 1.2960 0.6765 0.0006
25.5300 1.7900 22.3800 1.3680 0.6767 0.0005
25.7500 1.8100 22.4540 1.3520 0.6749 0.0005
25.5000 1.8600 22.4520 1.2880 0.6759 0.0004
25.5200 1.7500 22.3120 1.3260 0.6757 0.0003
25.6900 1.7400 22.4840 1.3380 0.6762 0.0003
25.5500 1.8300 22.4080 1.3280 0.6762 0.0002
25.5600 1.7900 22.2380 1.3420 0.6747 0.0002
25.5000 1.7900 22.2380 1.2920 0.6731 0.0001
25.6300 1.7800 22.4080 1.3000 0.6734 0.0001
25.4200 1.8100 22.3200 1.3000 0.6729 0.0001
25.5700 1.7700 22.2980 1.3040 0.6724 0.0000
25.5900 1.8400 22.3780 1.3080 0.6744 0.0000
25.4500 1.8200 22.2300 1.2960 0.6745 0.0000
25.4300 1.8300 22.3220 1.3060 0.6733 0.0000
